O 123 9874 50
O 123 9874 50
L 333 9874
L 123 3333
L 123 9874
O 456 0101 50
O 456 0101 50
L 333 0101
L 456 3333
L 456 0101
D 333 9874 1200
D 123 3333 1200
D 123 9874 1200
W 333 9874 500
W 123 3333 500
W 123 9874 2000
W 123 9874 10
D 333 0101 1200
D 456 3333 1200
D 456 0101 1200
W 333 0101 500
W 456 3333 500
W 456 0101 2000
W 456 0101 10
B 333 9874
B 123 3333
B 123 9874
T 123 9874 123 10
T 333 9874 123 10
T 123 3333 123 10
T 123 9874 333 10
B 333 0101
B 456 3333
B 456 0101
T 456 0101 123 10
T 123 3333 456 10
T 123 9874 456 100
